,City,Cloudiness,Country,Date,Humidity,Lat,Lng,Max Temp,Wind Speed
0,Labuhan,55,ID,1588973120,89,-6.88,112.21,79.14,6.53
1,Buraidah,75,SA,1588973121,29,26.33,43.98,87.8,24.16
2,Morant Bay,20,JM,1588973121,74,17.88,-76.41,86.0,28.86
3,Dakar,3,SN,1588972978,88,14.69,-17.44,71.6,18.34
4,Ostrovnoy,99,RU,1588973122,93,68.05,39.51,33.28,4.74
5,Padang,100,ID,1588973122,73,-0.95,100.35,79.84,3.53
6,Ugoofaaru,77,MV,1588972846,76,5.67,73.0,84.54,6.73
7,Cidreira,0,BR,1588973122,74,-30.18,-50.21,59.88,4.7
8,Port Alfred,5,ZA,1588972855,97,-33.59,26.89,64.0,4.5
9,Saskylakh,75,RU,1588973126,93,71.92,114.08,0.39,2.95
10,Bethel,90,US,1588973040,87,41.37,-73.41,44.01,5.26
11,Port Elizabeth,0,ZA,1588973126,93,-33.92,25.57,60.8,2.24
12,Russell,40,US,1588972995,44,32.35,-85.2,75.2,12.75
13,Avarua,71,CK,1588973114,74,-21.21,-159.78,82.4,9.17
14,Porbandar,0,IN,1588973127,86,21.64,69.61,80.92,8.55
15,Nemuro,100,JP,1588973020,50,43.32,145.57,50.13,16.98
16,São Filipe,0,CV,1588973044,74,14.9,-24.5,74.52,14.25
17,Belaya Gora,95,RU,1588972946,97,68.53,146.42,32.11,11.95
18,East London,76,ZA,1588973128,79,-33.02,27.91,69.39,4.63
19,Cape Town,0,ZA,1588973129,93,-33.93,18.42,66.0,11.41
20,Byron Bay,75,AU,1588973129,93,-28.65,153.62,62.01,7.96
21,Chokwé,0,MZ,1588973129,81,-24.53,32.98,63.95,3.15
22,Port Lincoln,1,AU,1588973055,60,-34.73,135.87,53.35,19.62
23,Albany,100,US,1588972946,32,42.6,-73.97,55.0,3.8
24,Punta Arenas,82,CL,1588973130,71,-53.15,-70.92,50.0,5.82
25,Ushuaia,40,AR,1588973034,87,-54.8,-68.3,44.6,4.7
26,Hilo,1,US,1588972943,58,19.73,-155.09,82.4,10.29
27,Spornoye,75,RU,1588973131,93,50.84,37.29,48.2,2.24
28,Salaga,76,GH,1588973131,66,8.55,-0.52,83.39,3.58
29,George Town,40,MY,1588973131,100,5.41,100.34,78.8,6.8
30,Lorengau,92,PG,1588973131,79,-2.02,147.27,81.9,4.54
31,Rikitea,34,PF,1588973002,70,-23.12,-134.97,75.65,7.25
32,Juneau,90,US,1588973132,44,58.3,-134.42,59.0,11.41
33,Qaanaaq,42,GL,1588973028,87,77.48,-69.36,14.45,5.59
34,Tuatapere,63,NZ,1588973132,84,-46.13,167.68,50.25,6.62
35,Dikson,100,RU,1588973112,96,73.51,80.55,26.1,21.68
36,Lebu,100,CL,1588973133,85,-37.62,-73.65,60.08,16.44
37,Vaini,75,TO,1588973045,88,-21.2,-175.2,80.6,11.41
38,Upernavik,97,GL,1588973129,88,72.79,-56.15,22.12,8.03
39,Busselton,5,AU,1588973003,74,-33.65,115.33,44.01,6.53
40,Ayagoz,0,KZ,1588973134,66,47.97,80.44,52.07,9.24
41,Sydney Mines,75,CA,1588973134,75,46.24,-60.22,46.99,19.46
42,Cabo San Lucas,5,MX,1588973134,16,22.89,-109.91,89.01,11.41
43,Otavi,0,NA,1588973134,38,-19.65,17.33,60.48,7.43
44,Ponta do Sol,20,PT,1588973065,72,32.67,-17.1,66.2,4.7
45,Hervey Bay,62,AU,1588972922,83,-25.3,152.85,64.0,3.0
46,Pangody,100,RU,1588973135,91,65.85,74.49,46.94,15.95
47,Moree,90,AU,1588973135,67,-29.47,149.85,62.6,14.07
48,Hofn,87,IS,1588973136,84,64.25,-15.21,35.67,15.5
49,Tura,0,IN,1588973001,43,25.52,90.22,72.61,3.56
50,Nanortalik,73,GL,1588973136,74,60.14,-45.24,40.64,2.71
51,Fayaoué,3,NC,1588973137,78,-20.65,166.53,75.54,22.93
52,Fatehgarh Chūriān,40,IN,1588973137,65,31.86,74.96,77.0,5.82
53,Saint Paul Harbor,90,US,1588972977,93,57.79,-152.41,44.6,17.22
54,Anloga,20,GH,1588972913,83,5.79,0.9,84.2,6.93
55,Zaraza,100,VE,1588973138,32,9.35,-65.32,95.32,10.18
56,Kelamangalam,75,IN,1588973138,69,12.6,77.85,78.8,6.93
57,Rawson,100,AR,1588973138,27,-43.3,-65.1,74.95,17.4
58,Mataura,82,NZ,1588973139,81,-46.19,168.86,47.14,4.23
59,Abu Samrah,59,SY,1588973139,39,35.3,37.18,68.76,13.44
60,Hobart,75,AU,1588973139,100,-42.88,147.33,50.0,3.94
61,Mar del Plata,78,AR,1588973035,72,-38.0,-57.56,60.01,12.75
62,Gravdal,40,NO,1588973139,74,68.12,13.5,35.6,4.7
63,Hermanus,2,ZA,1588973140,85,-34.42,19.23,61.0,10.31
64,Atuona,67,PF,1588973140,76,-9.8,-139.03,81.0,18.34
65,Yellowknife,75,CA,1588973004,52,62.46,-114.35,44.6,16.11
66,Nerchinskiy Zavod,100,RU,1588973141,55,51.31,119.61,45.36,1.21
67,Verkhnetulomskiy,75,RU,1588973141,98,68.61,31.8,33.8,4.36
68,Faanui,28,PF,1588973141,79,-16.48,-151.75,81.95,13.27
69,Tuktoyaktuk,5,CA,1588973141,74,69.45,-133.04,28.4,18.34
70,Curillo,100,CO,1588973142,98,1.03,-75.92,72.3,0.85
71,Sitka,90,US,1588973129,41,57.05,-135.33,59.0,3.36
72,Carnarvon,94,AU,1588973142,46,-24.87,113.63,66.65,20.04
73,Talnakh,100,RU,1588973143,93,69.49,88.4,37.4,17.9
74,Griffith,40,US,1588972901,51,41.53,-87.42,41.0,13.89
75,Chokurdakh,95,RU,1588972854,97,70.63,147.92,21.09,7.07
76,Umeå,90,SE,1588973143,86,63.83,20.26,39.2,1.12
77,Tiksi,100,RU,1588973143,96,71.69,128.87,15.96,16.51
78,Almaznyy,20,RU,1588973144,81,48.04,40.05,50.0,8.95
79,Saldanha,0,ZA,1588973144,67,-33.01,17.94,59.0,4.7
80,Kolokani,53,ML,1588973144,20,13.57,-8.03,94.42,4.16
81,Esperance,40,AU,1588973145,93,-33.87,121.9,48.2,6.93
82,Morón,16,AR,1588973145,100,-34.65,-58.62,63.0,7.49
83,Bāglung,0,NP,1588973145,41,28.27,83.59,62.04,5.19
84,Leningradskiy,21,RU,1588973145,93,69.38,178.42,31.8,5.5
85,Bengkulu,100,ID,1588973118,85,-3.8,102.27,76.66,4.18
86,Tindwāri,0,IN,1588973146,24,25.62,80.53,87.33,10.92
87,Bambous Virieux,40,MU,1588973146,94,-20.34,57.76,73.4,4.7
88,Puerto Ayora,20,EC,1588973065,74,-0.74,-90.35,82.4,16.11
89,Saint-François,94,FR,1588973147,52,46.42,3.91,68.0,9.17
90,Jamestown,90,US,1588972954,69,42.1,-79.24,36.0,11.41
91,Half Moon Bay,1,US,1588973030,72,37.46,-122.43,91.0,6.93
92,Lavrentiya,74,RU,1588973148,84,65.58,-171.0,35.8,13.76
93,Homer,90,US,1588973148,53,59.64,-151.55,51.8,12.75
94,Lompoc,20,US,1588973067,49,34.64,-120.46,80.6,8.05
95,Lieto,20,FI,1588973148,93,60.51,22.46,43.0,4.7
96,Flin Flon,75,CA,1588973148,38,54.77,-101.86,42.8,6.93
97,Pevek,0,RU,1588973149,88,69.7,170.31,33.75,7.96
98,Ulladulla,22,AU,1588973149,40,-35.35,150.47,68.0,12.75
99,Andahuaylas,99,PE,1588973149,61,-13.66,-73.39,62.73,6.73
100,Zarubino,100,RU,1588973149,86,42.63,131.09,49.57,3.65
101,Hamilton,75,US,1588972918,50,39.18,-84.53,53.01,17.22
102,Hong Kong,65,HK,1588973031,85,22.29,114.16,82.99,11.01
103,Nyurba,2,RU,1588973061,87,63.28,118.33,24.24,7.49
104,Saint-Philippe,97,RE,1588972854,60,-21.36,55.77,71.6,11.41
105,Kapaa,75,US,1588973024,61,22.08,-159.32,78.8,16.11
106,Nantucket,20,US,1588973105,62,41.28,-70.1,52.0,9.17
107,Puerto del Rosario,20,ES,1588973151,64,28.5,-13.86,69.8,10.29
108,Bredasdorp,44,ZA,1588972855,88,-34.53,20.04,64.4,8.05
109,West Bay,20,KY,1588973152,74,19.37,-81.42,87.8,12.75
110,Cherskiy,0,RU,1588972993,90,68.75,161.3,33.28,6.11
111,Bluff,59,NZ,1588972999,78,-46.6,168.33,50.97,12.55
112,Norman Wells,5,CA,1588973152,56,65.28,-126.83,41.0,13.87
113,Kismayo,99,SO,1588973152,86,-0.36,42.55,79.81,11.34
114,Xinyu,98,CN,1588973153,93,27.8,114.93,72.86,3.29
115,Bay Saint Louis,75,US,1588973153,93,30.31,-89.33,69.8,4.7
116,Khatanga,100,RU,1588973153,93,71.97,102.5,20.59,20.29
117,Richards Bay,0,ZA,1588973153,82,-28.78,32.04,67.23,6.15
118,Cortez,1,US,1588973154,5,37.35,-108.59,73.4,14.99
119,Asău,79,RO,1588973154,77,46.43,26.4,45.0,1.79
120,Castro,0,BR,1588972992,70,-24.79,-50.01,53.44,3.06
121,Milledgeville,75,US,1588973128,49,33.08,-83.23,69.01,3.36
122,Johnshaven,40,GB,1588973155,93,56.79,-2.34,50.0,2.24
123,Cairns,40,AU,1588972945,88,-16.92,145.77,69.8,5.82
124,Ancud,90,CL,1588973155,100,-41.87,-73.82,59.0,24.16
125,Vao,48,NC,1588973156,78,-22.67,167.48,73.08,23.13
126,San Vicente,0,AR,1588973156,55,-26.62,-54.13,56.43,1.03
127,Ribeira Grande,75,PT,1588973156,87,38.52,-28.7,60.8,23.04
128,Ejura,42,GH,1588973156,78,7.39,-1.36,79.02,5.77
129,Katsuura,93,JP,1588973029,67,35.13,140.3,64.99,5.01
130,Barrow,90,US,1588973157,92,71.29,-156.79,19.4,11.41
131,San Julián,84,MX,1588973157,44,21.02,-102.17,70.9,3.98
132,Kahului,90,US,1588973157,94,20.89,-156.47,71.6,12.75
133,Paamiut,98,GL,1588973157,75,61.99,-49.67,41.59,8.66
134,New Norfolk,100,AU,1588973022,88,-42.78,147.06,48.99,1.01
135,Auki,15,SB,1588973158,84,-8.77,160.7,80.89,4.56
136,Dalmeny,90,CA,1588973158,93,52.33,-106.77,37.4,19.46
137,Chui,0,UY,1588973158,67,-33.7,-53.46,55.6,5.1
138,Ambon City,8,ID,1588973095,98,-3.7,128.18,80.01,12.91
139,Bathsheba,20,BB,1588973160,66,13.22,-59.52,84.2,17.22
140,Ilulissat,99,GL,1588973160,85,69.22,-51.1,32.0,8.05
141,Fortuna,1,US,1588973160,87,40.6,-124.16,63.0,14.99
142,Tornio,98,FI,1588973160,86,65.85,24.15,28.4,2.24
143,Narsaq,75,GL,1588973161,50,60.92,-46.05,51.8,9.17
144,Xining,97,CN,1588973161,88,36.62,101.77,34.09,2.89
145,Port Hedland,67,AU,1588973160,46,-20.32,118.57,71.6,11.41
146,Ararat,40,AM,1588973162,82,39.83,44.7,59.0,5.82
147,Pitelino,100,RU,1588973162,95,54.58,41.81,51.85,4.85
148,Yar-Sale,100,RU,1588973162,92,66.83,70.83,34.02,12.03
149,Hasaki,75,JP,1588973162,72,35.73,140.83,60.01,6.93
150,Nelson Bay,31,AU,1588973134,100,-32.72,152.15,62.01,1.12
151,Nabire,80,ID,1588973106,89,-3.37,135.48,77.63,3.42
152,Alice Springs,0,AU,1588972898,35,-23.7,133.88,57.2,5.82
153,Torbay,75,CA,1588973008,75,47.67,-52.73,42.01,24.16
154,Wawa,13,NG,1588973163,42,9.9,4.42,89.49,3.62
155,Tungor,100,RU,1588973164,95,53.38,142.96,32.81,10.76
156,Puerto Rondón,100,CO,1588973164,86,6.28,-71.1,81.37,1.54
157,Mercedes,0,AR,1588973027,58,-34.65,-59.43,62.01,1.01
158,Chifeng,44,CN,1588973164,78,42.27,118.96,51.21,4.03
159,Opunake,8,NZ,1588973165,84,-39.46,173.86,53.01,5.99
160,Makkah al Mukarramah,88,SA,1588973165,55,21.43,39.83,82.63,2.01
161,Klaksvík,33,FO,1588973165,70,62.23,-6.59,37.4,9.17
162,Hobyo,0,SO,1588973048,74,5.35,48.53,84.65,10.63
163,Dunda,23,TZ,1588973166,79,-8.12,34.25,63.86,3.69
164,Birjand,0,IR,1588973166,35,32.87,59.22,57.2,6.93
165,Show Low,1,US,1588973148,12,34.25,-110.03,78.8,13.87
166,Quatre Cocos,40,MU,1588973166,94,-20.21,57.76,73.4,4.7
167,Arraial do Cabo,20,BR,1588973167,73,-22.97,-42.03,71.6,4.7
168,Hithadhoo,100,MV,1588973167,79,-0.6,73.08,84.78,15.35
169,Polignano a Mare,48,IT,1588973167,63,41.0,17.22,61.0,3.0
170,Ahipara,49,NZ,1588973064,75,-35.17,173.17,59.36,5.57
171,Presidente Médici,62,BR,1588972895,85,-11.18,-61.9,76.14,3.58
172,Kaitangata,60,NZ,1588973117,90,-46.28,169.85,46.99,4.0
173,Beni Suef,0,EG,1588973168,66,29.07,31.1,65.62,13.91
174,Longyearbyen,75,SJ,1588973112,85,78.22,15.64,24.8,8.05
175,Thompson,20,CA,1588973078,59,55.74,-97.86,33.8,12.75
176,Wamba,5,NG,1588973169,74,8.93,8.6,79.12,1.05
177,Saint Anthony,1,US,1588973169,26,45.02,-93.22,50.0,13.87
178,Mahébourg,40,MU,1588973064,94,-20.41,57.7,73.4,4.7
179,Radenci,75,SI,1588973170,72,46.64,16.04,60.01,2.73
180,Vardø,75,NO,1588973170,82,70.37,31.11,32.0,8.05
181,Souillac,40,MU,1588973158,94,-20.52,57.52,73.4,4.7
182,Butaritari,100,KI,1588972997,76,3.07,172.79,83.03,8.25
183,Peniche,83,PT,1588973171,80,39.36,-9.38,60.01,1.99
184,Hambantota,88,LK,1588973171,84,6.12,81.12,80.92,7.29
185,Praia da Vitória,40,PT,1588973171,72,38.73,-27.07,62.6,17.85
186,Jalu,0,LY,1588973070,24,29.03,21.55,70.74,14.27
187,Óbidos,100,BR,1588973172,83,-1.92,-55.52,82.38,2.24
188,Palauig,93,PH,1588973172,73,15.44,119.9,83.59,3.27
189,Puerto Ayacucho,75,VE,1588973172,74,5.66,-67.62,84.2,5.82
190,Yatou,100,CN,1588973173,99,37.15,122.38,55.78,4.7
191,Huarmey,5,PE,1588973118,69,-10.07,-78.15,74.1,10.51
192,Bambanglipuro,97,ID,1588973173,90,-7.95,110.28,77.49,3.24
193,Yulara,95,AU,1588973174,29,-25.24,130.99,51.8,6.93
194,Geraldton,6,AU,1588973174,66,-28.77,114.6,53.6,13.87
195,San Policarpo,96,PH,1588973174,75,12.18,125.51,81.19,5.06
196,Berdigestyakh,100,RU,1588973174,95,62.1,126.7,23.22,9.44
197,Peleduy,63,RU,1588973175,85,59.63,112.74,28.49,1.54
198,Coyhaique,90,CL,1588973175,100,-45.58,-72.07,48.2,2.51
199,Benin,100,BJ,1588973175,66,9.5,2.25,80.94,5.14
200,Portland,1,US,1588973175,24,45.52,-122.68,80.01,19.46
201,Berlevåg,100,NO,1588973175,79,70.86,29.09,28.4,14.99
202,Atbasar,0,KZ,1588973176,52,51.8,68.33,60.51,14.54
203,Touros,75,BR,1588973176,83,-5.2,-35.46,80.6,6.93
204,San Quintín,0,MX,1588973176,52,30.48,-115.95,73.31,9.13
205,Methóni,0,GR,1588973176,71,36.82,21.7,63.0,8.16
206,Alenquer,40,BR,1588973177,79,-1.94,-54.74,84.2,8.05
207,Salinópolis,98,BR,1588972907,86,-0.61,-47.36,80.11,8.48
208,Ratnagiri,33,IN,1588973177,82,16.98,73.3,79.45,3.71
209,Riverton,1,US,1588973177,32,40.52,-111.94,69.01,9.17
210,Kribi,100,CM,1588973178,83,2.95,9.92,79.12,3.31
211,Tual,4,ID,1588973178,79,-5.67,132.75,83.07,19.46
212,Sakakah,15,SA,1588973178,28,29.97,40.21,82.4,8.05
213,San Carlos,100,VE,1588973178,32,9.66,-68.58,94.93,6.24
214,Dunedin,47,NZ,1588973160,77,-45.87,170.5,53.01,1.99
215,Batabanó,20,CU,1588973179,40,22.72,-82.29,89.6,11.41
216,Voloshka,0,RU,1588973179,94,61.33,40.09,36.68,3.04
217,Pisco,10,PE,1588973043,73,-13.7,-76.22,71.6,20.8
218,Jashpurnagar,0,IN,1588973180,24,22.9,84.15,76.66,7.7
219,Manakara,69,MG,1588973180,85,-22.13,48.02,69.8,4.83
220,Lüshunkou,90,CN,1588973180,93,38.8,121.27,53.6,8.95
221,Langenburg,100,DE,1588973180,58,49.25,9.85,60.8,2.24
222,Canberra,22,AU,1588972920,76,-35.28,149.13,54.0,16.11
223,Sechura,24,PE,1588973181,55,-5.56,-80.82,82.18,14.25
224,Kamaishi,100,JP,1588973181,59,39.27,141.88,55.9,5.44
225,Naples,100,IT,1588973022,72,40.83,14.25,62.01,1.12
226,Jaynagar-Majilpur,40,IN,1588973182,88,22.18,88.42,82.4,4.7
227,Mareeba,40,AU,1588973182,88,-17.0,145.43,69.8,5.82
228,Bako,100,ET,1588973182,97,5.78,36.57,63.72,3.85
229,Sørland,40,NO,1588972924,74,67.67,12.69,35.6,4.7
230,Kumul,0,CN,1588973151,29,42.8,93.45,56.7,3.44
231,Umm Hājar,37,TD,1588973183,20,13.3,19.7,88.59,4.9
232,Arica,15,CL,1588972900,77,-18.48,-70.3,68.0,9.17
233,Florence,46,IT,1588973184,67,43.77,11.25,64.0,2.24
234,Najrān,64,SA,1588973184,41,17.49,44.13,78.8,7.54
235,Ayorou,1,NE,1588973184,19,14.73,0.92,86.85,1.1
236,Honiara,40,SB,1588973184,88,-9.43,159.95,78.8,3.87
237,Tiquisate,75,GT,1588973185,59,14.28,-91.37,93.2,9.17
238,Rehoboth,0,NA,1588972991,30,-23.32,17.08,62.02,6.42
239,Marystown,16,CA,1588973185,80,47.17,-55.15,37.27,23.17
240,Bubaque,79,GW,1588973126,75,11.28,-15.83,79.34,12.8
241,Upata,64,VE,1588973186,49,8.01,-62.4,91.99,7.0
242,Nikolskoye,14,RU,1588973186,60,59.7,30.79,41.0,6.71
243,Pfullingen,100,DE,1588973186,54,48.46,9.23,61.0,2.24
244,Sola,0,VU,1588973047,70,-13.88,167.55,80.17,10.65
245,Bay Roberts,88,CA,1588973187,34,47.6,-53.26,41.0,5.99
246,Hukuntsi,0,BW,1588973187,37,-24.0,21.75,64.49,7.99
247,Tongren,100,CN,1588973187,88,27.72,109.19,66.34,4.61
248,Necochea,28,AR,1588973188,75,-38.55,-58.74,57.99,8.99
249,Lüderitz,0,NA,1588973188,100,-26.65,15.16,53.6,10.78
250,Pacific Grove,1,US,1588973120,56,36.62,-121.92,84.99,4.7
251,Lagoa,71,PT,1588973189,81,39.05,-27.98,60.24,19.95
252,Kavieng,7,PG,1588972984,73,-2.57,150.8,83.12,7.65
253,Shīeli,99,KZ,1588973189,65,44.17,66.75,66.99,11.9
254,Akhtanizovskaya,13,RU,1588973189,87,45.32,37.1,51.01,4.47
255,Vilcún,90,CL,1588973190,87,-38.65,-72.23,62.01,3.36
256,Gualaquiza,100,EC,1588973190,91,-3.4,-78.55,64.98,0.56
257,Kununurra,0,AU,1588973190,77,-15.77,128.73,62.6,2.84
258,Omsukchan,29,RU,1588973190,95,62.53,155.8,25.45,2.57
259,Saint George,1,US,1588973151,5,37.1,-113.58,86.0,0.6
260,Umluj,100,SA,1588973191,36,25.02,37.27,81.12,4.65
261,Nagutskoye,90,RU,1588973191,93,44.44,42.88,50.0,2.24
262,Dinga,40,PK,1588973191,69,32.64,73.72,77.0,14.58
263,Tubinskiy,0,RU,1588973192,47,52.89,58.22,48.2,8.95
264,Itoman,75,JP,1588973192,94,26.12,127.67,73.4,9.17
265,Zhuhai,40,CN,1588973192,94,22.28,113.57,84.2,9.17
266,Biak,91,ID,1588973193,79,-0.91,122.88,78.64,4.12
267,Balakhta,62,RU,1588973193,71,55.38,91.6,40.33,2.15
268,Sault Ste. Marie,20,CA,1588973051,40,46.52,-84.33,33.8,18.34
269,Buchanan,40,LR,1588973193,94,5.88,-10.05,80.6,4.7
270,Shahrud,0,IR,1588973194,36,36.42,54.98,59.99,4.88
271,Mayya,75,RU,1588973194,86,61.73,130.28,28.4,6.71
272,Urucurituba,98,BR,1588973194,88,-2.68,-57.67,81.77,1.99
273,El Alto,19,PE,1588973194,68,-4.27,-81.21,76.6,20.11
274,Kem',66,RU,1588973195,79,64.96,34.58,37.42,6.24
275,Tonantins,93,BR,1588973195,70,-2.87,-67.8,83.12,2.57
276,Batemans Bay,43,AU,1588973195,100,-35.72,150.18,55.0,9.62
277,Ipameri,77,BR,1588973195,86,-17.72,-48.16,66.63,4.54
278,Coari,84,BR,1588973196,90,-4.08,-63.14,80.67,0.25
279,Baturaja,100,ID,1588973196,96,-4.13,104.17,75.24,1.61
280,Yuanping,91,CN,1588973196,79,38.72,112.76,55.92,2.33
281,Yangambi,95,CD,1588973196,89,0.81,24.43,72.61,1.61
282,Margate,26,GB,1588972949,61,51.38,1.39,55.99,8.99
283,George,1,ZA,1588973197,93,-33.96,22.46,60.8,4.7
284,Madimba,20,TZ,1588973197,88,-10.4,40.33,75.2,17.22
285,Hvide Sande,56,DK,1588973197,85,56.0,8.13,46.99,5.3
286,Maceió,20,BR,1588973198,83,-9.67,-35.74,78.8,5.82
287,Acará,100,BR,1588973198,96,-1.96,-48.2,77.68,2.64
288,Jacareacanga,68,BR,1588973199,94,-6.22,-57.75,79.93,1.05
289,Yichang,64,CN,1588973199,83,30.71,111.28,67.51,0.78
290,Digras,0,IN,1588973199,23,20.12,77.72,85.89,7.47
291,Tazovsky,100,RU,1588973200,100,67.47,78.7,39.13,13.89
292,Amahai,18,ID,1588973200,97,-3.33,128.92,80.01,5.55
293,Adrar,3,MR,1588973200,20,20.5,-10.07,92.39,10.42
294,Bandarbeyla,0,SO,1588973200,74,9.49,50.81,82.44,8.48
295,Astoria,1,US,1588973201,29,46.19,-123.83,78.8,16.11
296,Panacan,20,PH,1588972954,88,9.25,118.41,80.6,4.7
297,Tasiilaq,12,GL,1588973201,86,65.61,-37.64,32.0,3.36
298,Ola,65,RU,1588973070,86,59.58,151.28,34.75,1.92
299,Charlestown,6,AU,1588973202,73,-32.95,151.67,59.0,1.99
300,Papara,54,BR,1588973202,74,-3.98,-38.73,84.0,8.05
301,Iqaluit,75,CA,1588973202,55,63.75,-68.51,33.8,11.41
302,Iquique,32,CL,1588973203,72,-20.22,-70.14,68.0,18.34
303,Jipijapa,20,EC,1588973203,74,-1.33,-80.58,84.2,11.41
304,Karia,32,NG,1588973203,28,11.73,11.16,91.29,9.04
305,Nouadhibou,0,MR,1588972921,77,20.93,-17.03,66.2,19.46
306,Madaoua,0,NE,1588973204,12,14.07,5.96,90.5,1.59
307,Balkhash,92,KZ,1588973204,50,46.84,74.98,63.1,21.16
308,Birnin Kebbi,14,NG,1588973125,22,12.45,4.2,98.55,5.86
309,Bouna,74,CI,1588973205,73,9.27,-3.0,80.13,4.88
310,Rajkot,0,IN,1588973205,78,22.3,70.78,78.21,10.2
311,Saint-Pierre,90,RE,1588973205,60,-21.34,55.48,71.6,11.41
312,Pandan,100,PH,1588973205,79,14.05,124.17,79.27,4.07
313,Beringovskiy,100,RU,1588973206,99,63.05,179.32,31.96,10.6
314,Te Anau,56,NZ,1588973206,85,-45.42,167.72,49.35,2.06
315,Uyskoye,0,RU,1588973206,47,54.38,60.0,54.03,3.38
316,Al Bardīyah,0,LY,1588973206,70,31.76,25.09,62.91,13.2
317,Kholmogory,40,RU,1588973207,92,64.22,41.66,30.2,2.24
318,Huautla,3,MX,1588973207,52,21.03,-98.28,88.25,6.33
319,Zyryanovsk,0,KZ,1588973207,59,49.74,84.27,48.06,3.83
320,Cayenne,90,GF,1588973207,69,4.93,-52.33,82.4,10.29
321,Turbat,0,PK,1588973208,58,26.0,63.04,79.61,2.98
322,Kānker,0,IN,1588973208,36,20.27,81.49,83.79,5.75
323,Kemin,79,KG,1588973208,57,42.78,75.69,57.16,10.78
324,Puerto Madero,40,MX,1588973209,47,14.72,-92.42,95.0,17.22
325,Kericho,100,KE,1588973209,100,-0.37,35.28,58.08,2.82
326,Shiyan,83,CN,1588973209,82,32.65,110.78,63.63,7.58
327,Barreiras,87,BR,1588973209,86,-12.15,-44.99,74.53,5.14
328,Laurel,40,US,1588973201,93,39.1,-76.85,57.99,4.7
329,Eyl,0,SO,1588973210,71,7.98,49.82,83.26,7.2
330,Port Hardy,20,CA,1588973210,45,50.7,-127.42,62.6,3.36
331,Coquimbo,20,CL,1588973210,77,-29.95,-71.34,59.0,11.41
332,Prata,34,BR,1588973210,84,-19.31,-48.92,66.49,6.89
333,Constitución,100,CL,1588973211,73,-35.33,-72.42,61.45,5.03
334,Erenhot,57,CN,1588973211,48,43.65,111.98,53.62,7.52
335,Thinadhoo,20,MV,1588973211,77,0.53,72.93,85.05,17.65
336,Krasnosel'kup,100,RU,1588973211,89,65.7,82.47,44.38,12.95
337,Olafsvik,0,IS,1588973212,73,64.89,-23.71,37.74,9.93
338,Namatanai,0,PG,1588973212,73,-3.67,152.43,81.1,4.03
339,Lima,40,PE,1588973129,77,-12.04,-77.03,69.8,11.41
340,Huancavelica,100,PE,1588973212,67,-12.77,-74.98,49.23,4.29
341,Chumikan,97,RU,1588973213,98,54.72,135.31,31.28,2.44
342,Alofi,84,NU,1588973213,74,-19.06,-169.92,82.4,11.41
343,Lábrea,58,BR,1588973213,67,-7.26,-64.8,84.38,1.79
344,Honningsvåg,40,NO,1588973105,80,70.98,25.97,32.0,12.75
345,Sumbe,3,AO,1588973214,77,-11.21,13.84,78.94,3.98
346,Nivala,100,FI,1588973214,93,63.92,24.97,39.0,3.0
347,Salalah,20,OM,1588973214,83,17.02,54.09,84.2,3.36
348,Caucaia,69,BR,1588973141,74,-3.74,-38.65,84.0,8.05
349,Inhambane,17,MZ,1588973214,82,-23.86,35.38,68.81,5.41
350,Makokou,100,GA,1588973215,98,0.57,12.86,71.65,2.26
351,Pochutla,40,MX,1588973131,52,15.74,-96.47,93.99,14.99
352,Oktyabr'skoye,100,RU,1588973215,91,43.06,44.74,52.52,2.55
353,Acapulco de Juárez,20,MX,1588973114,70,16.86,-99.89,86.0,12.75
354,Wewak,94,PG,1588973216,85,-3.55,143.63,78.94,5.06
355,Ambatondrazaka,46,MG,1588973216,93,-17.83,48.42,62.76,3.47
356,Caravelas,99,BR,1588973216,73,-17.71,-39.25,73.74,13.15
357,Aripuanã,72,BR,1588973216,72,-9.17,-60.63,82.2,2.28
358,Mogadishu,61,SO,1588973217,79,2.04,45.34,82.8,13.49
359,Guerrero Negro,0,MX,1588973217,36,27.98,-114.06,81.59,13.06
360,Chicama,11,PE,1588973217,60,-7.84,-79.15,78.48,9.71
361,Bonfim,99,BR,1588973218,70,3.08,-59.95,84.42,3.76
362,Bashmakovo,100,RU,1588973218,95,53.21,43.03,53.35,6.17
363,Tadine,10,NC,1588973218,79,-21.55,167.88,73.74,18.34
364,Codrington,97,AU,1588973219,85,-38.27,141.97,49.55,10.31
365,Maiduguri,69,NG,1588973219,30,11.85,13.16,91.94,5.08
366,Opuwo,0,NA,1588972975,35,-18.06,13.84,64.58,7.94
367,Itarema,60,BR,1588973219,88,-2.92,-39.92,79.18,6.58
368,Koprivnica,7,HR,1588973220,79,46.16,16.83,52.0,4.85
369,Tartagal,0,AR,1588973220,55,-22.52,-63.8,68.04,4.52
370,Kungurtug,1,RU,1588973220,91,50.6,97.52,28.08,1.57
371,Mount Isa,29,AU,1588972952,71,-20.73,139.5,57.2,1.92
372,Tremedal,100,BR,1588973221,80,-14.98,-41.41,68.79,9.44
373,Shingū,100,JP,1588973031,82,33.73,135.98,59.72,4.72
374,Shimoda,75,JP,1588973221,76,34.67,138.95,57.2,2.24
375,Yambio,100,SS,1588973222,85,4.57,28.4,70.92,1.43
376,Jining,20,CN,1588973222,89,35.41,116.58,50.9,12.73
377,Arman',32,RU,1588973222,79,59.7,150.17,36.9,2.75
378,Givors,76,FR,1588973222,43,45.58,4.77,69.8,12.75
379,Takoradze,100,GH,1588973223,84,4.88,-1.76,82.0,8.68
380,Oussouye,94,SN,1588973223,74,12.48,-16.55,78.8,4.7
381,Garissa,94,KE,1588973223,71,-0.45,39.64,79.57,15.84
382,Bariloche,90,AR,1588973224,81,-41.15,-71.31,57.0,27.51
383,São Félix do Xingu,47,BR,1588973224,84,-6.64,-51.99,79.07,3.04
384,Beloha,1,MG,1588973224,84,-25.17,45.05,65.93,11.68
385,Finschhafen,100,PG,1588973225,82,-6.6,147.87,79.61,9.89
386,Causapscal,100,CA,1588973225,91,48.35,-67.23,34.75,12.86
387,Shenjiamen,97,CN,1588973225,97,29.96,122.3,66.9,7.05
388,Noumea,75,NC,1588973226,100,-22.28,166.46,73.99,8.05
389,Sabang,100,ID,1588973226,80,5.89,95.32,81.54,6.17
390,Marawi,25,PH,1588973226,85,8.0,124.29,78.01,5.99
391,Porto-Novo,40,BJ,1588973226,79,6.5,2.6,86.0,10.29
392,Muscat,0,OM,1588973227,14,23.61,58.59,91.4,4.7
393,Aklavik,5,CA,1588973227,48,68.22,-135.01,44.6,10.29
394,Los Chiles,71,CR,1588973227,46,11.03,-84.72,93.56,9.17
395,Bilibino,0,RU,1588973227,92,68.05,166.44,28.85,3.78
396,Matagami,90,CA,1588973228,92,49.75,-77.63,24.8,13.87
397,College,90,US,1588973228,23,64.86,-147.8,63.0,10.29
398,Alugan,100,PH,1588973228,77,12.22,125.48,79.61,4.29
399,Koungou,75,YT,1588973228,78,-12.73,45.2,82.4,12.75
400,Galle,82,LK,1588973229,80,6.04,80.22,82.08,1.95
401,Chapais,90,CA,1588973204,50,49.78,-74.85,30.2,10.29
402,Conceição da Barra,98,BR,1588973024,84,-18.59,-39.73,69.08,8.66
403,Matara,57,LK,1588973230,87,5.95,80.54,80.13,3.42
404,Rio Grande,0,BR,1588973147,52,-32.03,-52.1,66.2,5.82
405,Rocha,0,UY,1588973067,78,-34.48,-54.33,53.56,4.81
406,San Buenaventura,42,MX,1588973230,33,27.08,-101.53,87.01,7.0
407,Kaseda-shirakame,75,JP,1588973230,77,31.42,130.32,64.0,5.82
408,Fairbanks,75,US,1588972968,20,64.84,-147.72,64.99,11.41
409,Doumé,99,CM,1588973174,96,4.23,13.45,70.57,2.46
410,Dingle,86,PH,1588973231,86,11.0,122.67,78.3,5.57
411,Oistins,20,BB,1588973029,66,13.07,-59.53,84.2,17.22
412,Kuala Terengganu,20,MY,1588973099,94,5.33,103.14,78.8,2.24
413,Florø,75,NO,1588973232,75,61.6,5.03,42.8,5.82
414,Turukhansk,100,RU,1588973232,97,65.82,87.98,42.13,13.02
415,Dharmanagar,0,IN,1588973233,58,24.37,92.17,71.29,3.47
416,Eureka,58,US,1588973076,71,40.8,-124.16,64.99,5.01
417,Paita,31,PE,1588973106,70,-5.09,-81.11,76.41,15.64
418,Wanning,93,CN,1588973233,92,18.8,110.4,80.08,11.05
419,Udachny,51,RU,1588973233,72,66.42,112.4,14.0,2.24
420,Camacha,40,PT,1588973234,77,33.08,-16.33,68.0,12.75
421,Panguna,7,PG,1588973234,91,-6.32,155.48,72.43,1.63
422,San Cristobal,75,VE,1588973234,51,7.77,-72.22,86.0,27.51
423,Severo-Kuril'sk,62,RU,1588973036,88,50.68,156.12,34.05,13.78
424,Vicksburg,90,US,1588973157,100,32.35,-90.88,66.2,9.17
425,Sarkand,100,KZ,1588973235,31,45.41,79.92,60.49,6.2
426,Tomar do Geru,100,BR,1588973235,87,-11.37,-37.84,74.75,5.91
427,Kencong,77,ID,1588973235,90,-8.28,113.37,76.93,2.89
428,Yuncheng,100,CN,1588973236,69,35.02,110.99,62.28,14.38
429,Jiancheng,40,CN,1588973236,46,30.39,104.55,73.4,15.66
430,Laguna,1,US,1588973236,16,38.42,-121.42,91.99,4.7
431,Huacho,5,PE,1588973236,71,-11.11,-77.61,72.19,10.85
432,Plouzané,29,FR,1588973237,77,48.38,-4.62,62.6,9.17
433,Camaná,64,PE,1588973237,69,-16.62,-72.71,70.83,6.62
434,Smithers,20,CA,1588973237,32,54.78,-127.17,66.2,5.82
435,Mudanjiang,96,CN,1588973237,86,44.58,129.6,50.13,2.06
436,Omboué,100,GA,1588973237,88,-1.57,9.26,80.13,3.85
437,Paso de los Toros,29,UY,1588972961,51,-32.82,-56.52,62.6,10.29
438,Manche,100,FR,1588973238,87,49.0,-1.17,55.4,3.36
439,Hwange,0,ZW,1588973238,46,-18.37,26.5,64.06,4.43
440,Teya,100,RU,1588973238,77,60.38,92.63,42.78,6.24
441,Polyarny,75,RU,1588973239,86,69.2,33.45,33.8,2.21
442,Nome,1,US,1588972991,35,64.5,-165.41,55.4,18.34
443,Meadow Lake,75,US,1588973239,18,34.8,-106.54,73.99,18.34
444,Šibenik,98,HR,1588973240,58,43.73,15.91,59.0,4.7
445,Morshansk,100,RU,1588973240,96,53.44,41.81,48.27,4.16
446,Boissevain,20,CA,1588973240,34,49.23,-100.06,50.0,4.7
447,Coshocton,100,US,1588973240,72,40.27,-81.86,39.0,4.0
448,Mason City,20,US,1588973240,25,43.15,-93.2,51.8,14.99
449,Okhotsk,100,RU,1588973241,82,59.38,143.3,34.66,0.76
450,Walvis Bay,0,NA,1588973241,37,-22.96,14.51,73.4,2.84
451,Isangel,40,VU,1588973241,94,-19.55,169.27,75.2,17.07
452,Sokoto,4,NG,1588973241,12,13.06,5.24,93.31,2.95
453,Kutum,95,SD,1588973104,16,14.2,24.67,76.6,15.26
454,KwaDukuza,75,ZA,1588973242,93,-29.33,31.29,62.6,2.24
455,Kendrapara,40,IN,1588973242,78,20.5,86.42,77.0,7.36
456,Ramos Arizpe,68,MX,1588973242,23,25.55,-100.97,86.58,21.43
457,Graham,1,US,1588972956,29,47.05,-122.29,79.0,4.7
458,Itaguaí,20,BR,1588972956,73,-22.85,-43.78,69.8,4.7
459,Boyolangu,98,ID,1588973243,90,-8.12,111.89,77.0,1.63
460,Tulare,0,US,1588973243,32,36.27,-118.8,93.0,1.01
461,Birao,57,CF,1588973244,20,10.28,22.79,85.5,3.65
462,Panama City,40,PA,1588972995,83,8.99,-79.52,87.8,10.29
463,Vysokogornyy,5,RU,1588973244,72,50.12,139.15,40.69,10.56
464,Antalaha,1,MG,1588973244,83,-14.9,50.28,73.8,7.38
465,Karpathos,0,GR,1588973244,72,35.51,27.21,64.4,21.92
466,Havelock,75,US,1588973245,49,34.88,-76.9,69.8,25.28
467,Senneterre,75,CA,1588973245,58,48.38,-77.23,28.4,13.87
468,Gornyy,0,RU,1588973245,68,55.12,83.91,47.93,2.62
469,Shitanjing,100,CN,1588973245,36,39.23,106.34,52.05,13.65
470,Departamento de Maldonado,17,UY,1588973246,67,-34.67,-54.92,59.0,3.36
471,Paragominas,100,BR,1588973246,92,-2.97,-47.48,77.32,1.39
472,Aksu,16,CN,1588973001,40,41.12,80.26,61.41,1.54
473,Syamzha,1,RU,1588973246,95,60.02,41.06,37.96,2.39
474,Meridian,1,US,1588972996,18,43.61,-116.39,72.0,9.17
475,Vestmannaeyjar,28,IS,1588973160,67,63.44,-20.27,41.86,10.45
476,Ghanzi,0,BW,1588973247,35,-21.57,21.78,59.38,5.37
477,Phan Thiet,97,VN,1588973247,85,10.93,108.1,78.35,2.68
478,Whitehorse,75,CA,1588973248,20,60.72,-135.05,62.6,9.17
479,Dawei,100,MM,1588973248,79,14.08,98.2,79.7,2.21
480,Lata,91,PT,1588973248,78,40.16,-8.33,63.0,1.01
481,Waitara,14,NZ,1588973248,84,-38.92,174.25,50.0,5.99
482,Puerto Escondido,20,MX,1588973216,74,15.85,-97.07,87.8,6.93
483,Astara,40,AZ,1588973249,100,38.5,48.67,55.4,3.15
484,Airai,21,TL,1588973093,100,-8.93,125.41,57.27,3.49
485,San Patricio,20,MX,1588973249,74,19.22,-104.7,84.2,17.22
486,Menongue,0,AO,1588973250,61,-14.66,17.69,57.69,4.83
487,Hollabrunn,97,AT,1588973250,68,48.55,16.08,57.0,3.18
488,Hudson Bay,100,CA,1588973250,68,52.85,-102.38,45.73,2.93
489,Örnsköldsvik,73,SE,1588973250,93,63.29,18.72,37.4,10.29
490,Kerrobert,75,CA,1588973251,75,51.92,-109.13,46.99,23.04
491,Lumby,0,CA,1588973251,52,50.25,-118.97,69.01,2.93
492,Kalmunai,37,LK,1588973251,79,7.42,81.82,81.43,1.81
493,Provideniya,100,RU,1588973251,72,64.38,-173.3,39.52,16.91
494,Lázaro Cárdenas,50,MX,1588972986,51,17.96,-102.2,87.57,13.11
495,Mamlyutka,0,KZ,1588973252,46,54.94,68.54,59.59,6.13
496,Weligama,60,LK,1588973252,85,5.97,80.42,80.55,2.55
497,Westport,90,US,1588973252,75,41.14,-73.36,46.4,3.36
498,Gijang,90,KR,1588973252,82,35.24,129.21,62.6,8.05
499,Romny,46,UA,1588973062,92,50.75,33.47,43.74,8.88
500,Kamina,41,CD,1588973253,89,-8.74,24.99,65.44,3.85
501,El Salvador,20,SV,1588973253,70,13.83,-88.92,87.8,8.05
502,Torres,0,BR,1588973253,78,-29.34,-49.73,60.6,2.17
503,Zyryanka,0,RU,1588973254,95,65.75,150.85,32.16,6.22
504,Vista,75,US,1588973254,64,33.2,-117.24,79.0,11.41
505,Safaga,0,EG,1588973254,36,26.73,33.94,77.0,4.38
506,Talaya,49,RU,1588973254,94,61.38,152.75,23.99,1.12
507,Muros,100,ES,1588973255,88,42.78,-9.06,61.0,7.0
508,Luau,12,AO,1588973255,74,-10.71,22.22,66.97,4.23
509,Kaeo,2,NZ,1588973255,3,-35.1,173.78,55.99,1.99
510,Bereda,100,ES,1588973255,100,43.27,-7.54,61.0,1.99
511,Mont-Joli,90,CA,1588973256,89,48.58,-68.19,32.0,17.22
512,Lugus,8,PH,1588973256,76,5.7,120.82,83.32,1.95
513,Erdenet,38,MN,1588973256,93,49.03,104.08,30.24,6.87
514,Broome,90,US,1588973246,93,42.25,-75.83,39.0,10.29
515,Avera,1,US,1588973256,46,33.19,-82.53,69.8,5.82
516,Ingham,90,US,1588973257,38,42.6,-84.38,41.0,14.99
517,Djibouti,20,DJ,1588973257,84,11.5,42.5,86.0,11.41
518,Dolgoderevenskoye,0,RU,1588973257,53,55.34,61.34,51.8,4.25
519,Stornoway,100,GB,1588973258,93,58.21,-6.39,48.99,5.82
520,Santa Luzia,40,BR,1588973223,63,-19.77,-43.85,68.0,10.29
521,Binghamton,90,US,1588973016,93,42.1,-75.92,39.99,10.29
522,Yangi Marg`ilon,100,UZ,1588973258,56,40.43,71.72,68.0,2.24
523,Rauma,2,FI,1588973259,93,61.13,21.51,41.0,6.93
524,Koslan,95,RU,1588973260,93,63.46,48.9,38.25,2.8
525,Monteagudo,0,BO,1588973260,44,-19.82,-63.98,70.7,4.43
526,Skjervøy,100,NO,1588973260,80,70.03,20.97,35.53,15.19
527,Yerbogachën,0,RU,1588973260,85,61.28,108.01,28.29,1.03
528,Korla,2,CN,1588973261,32,41.76,86.15,59.58,2.24
529,Kargil,48,IN,1588973261,68,34.57,76.1,36.28,4.59
530,Gemeente Zaltbommel,86,NL,1588973261,77,51.8,5.25,62.01,5.91
531,Sobolevo,52,RU,1588973262,64,54.43,31.9,43.2,3.53
532,Pangnirtung,90,CA,1588973099,85,66.15,-65.71,24.8,5.82
533,Grand Gaube,40,MU,1588973262,94,-20.01,57.66,73.4,4.7
534,Camaçari,90,BR,1588973008,88,-12.7,-38.32,78.8,13.87
535,Naze,90,JP,1588973262,88,28.37,129.48,71.6,11.41
536,Semnan,0,IR,1588973263,43,35.57,53.4,67.35,6.76
537,Lerwick,96,GB,1588973001,93,60.15,-1.15,46.4,9.17
538,Sinnamary,67,GF,1588973263,78,5.38,-52.95,79.61,11.99
539,Ouallam,36,NE,1588973263,19,14.32,2.09,93.04,5.77
540,Wanlaweyn,100,SO,1588973264,84,2.62,44.89,79.11,10.54
541,Gushikawa,90,JP,1588973264,94,26.35,127.87,73.4,10.29
542,Skellefteå,100,SE,1588973264,93,64.75,20.95,37.99,5.82
543,Cape Coast,100,GH,1588973264,85,5.11,-1.25,82.08,9.86
544,Saint-Augustin,100,CA,1588973250,98,51.23,-58.65,34.7,5.26
545,Serdobsk,100,RU,1588973265,92,52.46,44.22,53.91,8.77
546,Waycross,1,US,1588973265,13,31.21,-82.35,80.6,13.87
547,Tilichiki,12,RU,1588973265,97,60.47,166.1,24.49,10.92
548,Koumac,0,NC,1588973266,72,-20.57,164.28,72.3,7.65
549,Togitsu,75,JP,1588973266,75,32.83,129.85,64.6,13.87
550,Santa Maria,0,BR,1588973266,72,-29.68,-53.81,57.15,1.7
551,Stodolishche,61,RU,1588973266,73,54.19,32.65,42.53,4.5
552,Noshiro,100,JP,1588973266,70,40.2,140.02,52.02,4.5
553,Karratha,54,AU,1588973267,47,-20.74,116.85,76.21,8.01
554,Madona,17,LV,1588973267,90,56.85,26.22,42.26,5.79
555,Koutsouras,0,GR,1588973267,68,35.03,25.95,62.64,19.62
556,Sibolga,98,ID,1588973173,82,1.74,98.78,78.44,2.26
557,La Palma,1,US,1588973268,44,33.85,-118.05,80.6,9.17
